39,4
39,3
39,2
39,1
38,4
38,3
38,2
38,1
4294967294,476
37,4
37,3
37,2
37,1
36,5
36,4
36,3
36,2
36,1
4294967294,429
35,5
35,4
35,3
35,2
35,1
4294967294,1426
4294967294,984
4294967294,1425
4294967279,431
4294967279,430
4294967278,365
4294967279,429
4294967279,428
4294967278,364
4294967279,427
33,6
33,5
30,8
30,7
30,6
34,4
34,3
34,2
34,1
33,4
33,3
33,2
33,1
4294967294,475
32,4
32,3
32,2
32,1
31,5
31,4
31,3
31,2
31,1
30,5
30,4
30,3
30,2
30,1
4294967294,1424
4294967279,426
25,8
4294967279,425
4294967278,363
4294967279,424
4294967278,362
4294967279,423
4294967278,361
25,7
25,6
4294967278,360
29,4
29,3
29,2
29,1
28,4
28,3
28,2
28,1
4294967279,422
4294967294,474
27,4
27,3
27,2
27,1
26,5
26,4
26,3
26,2
26,1
4294967278,359
25,5
25,4
25,3
25,2
25,1
4294967279,421
4294967279,420
4294967279,419
4294967278,358
4294967279,418
4294967278,357
4294967278,356
4294967279,417
4294967279,416
4294967278,355
4294967294,1423
4294967279,415
4294967279,414
4294967278,354
4294967278,353
4294967278,352
4294967278,351
4294967279,413
4294967278,350
4294967279,412
4294967279,411
4294967279,410
4294967278,349
4294967279,409
4294967278,348
4294967278,347
4294967278,346
4294967279,408
4294967279,407
4294967279,406
4294967278,345
19,8
20,8
20,7
20,6
4294967278,344
4294967278,343
4294967279,405
4294967279,404
4294967278,342
4294967279,403
4294967278,341
4294967279,402
4294967279,401
4294967278,340
4294967279,400
4294967278,339
4294967279,399
4294967278,338
4294967278,337
4294967278,336
19,7
19,6
4294967278,335
4294967278,334
4294967278,333
4294967279,398
4294967278,332
4294967279,397
4294967278,331
4294967279,396
4294967279,395
4294967278,330
4294967279,394
4294967278,329
4294967279,393
4294967278,328
4294967278,327
4294967279,392
4294967278,326
4294967279,391
4294967278,325
4294967279,390
4294967278,324
4294967279,389
4294967278,323
4294967279,388
4294967279,387
4294967278,322
4294967279,386
4294967278,321
4294967279,385
4294967278,320
4294967278,319
4294967278,318
4294967279,384
4294967278,317
4294967279,280
4294967278,316
4294967279,264
4294967278,315
4294967294,473
4294967278,308
4294967293,131
4294967293,130
4294967293,129
4294967293,128
4294967293,127
4294967293,126
4294967293,125
4294967293,124
4294967293,123
4294967293,122
4294967293,121
4294967293,120
4294967293,119
4294967293,118
4294967293,117
4294967293,116
4294967293,115
4294967293,114
4294967293,113
4294967293,112
4294967293,111
4294967293,110
4294967293,109
4294967293,108
4294967293,107
4294967293,106
4294967293,105
4294967293,104
4294967293,103
4294967293,102
4294967293,101
4294967293,100
4294967293,99
4294967293,98
4294967293,97
4294967293,96
4294967293,95
4294967293,94
4294967293,93
4294967293,92
4294967293,91
4294967293,90
4294967293,89
4294967293,88
4294967293,87
4294967293,86
4294967293,85
4294967293,84
4294967293,83
4294967293,82
4294967293,81
4294967293,80
4294967293,79
4294967293,78
4294967293,77
4294967293,76
4294967293,75
4294967293,74
4294967293,73
4294967293,72
4294967293,71
4294967293,70
4294967293,69
4294967293,68
4294967293,67
4294967293,66
4294967293,65
4294967293,64
4294967293,63
4294967293,62
4294967293,61
4294967293,60
4294967293,59
4294967293,58
4294967293,57
4294967293,56
4294967293,55
4294967293,54
4294967293,53
4294967293,52
4294967293,51
4294967293,50
4294967293,49
4294967293,48
4294967293,47
4294967293,46
4294967293,45
4294967293,44
4294967293,43
4294967293,42
4294967293,41
4294967293,40
4294967293,39
4294967293,38
4294967293,37
4294967293,36
4294967293,35
4294967293,34
4294967293,33
4294967293,32
4294967293,31
4294967293,30
4294967293,29
4294967293,28
4294967293,27
4294967293,26
4294967293,25
4294967293,24
4294967293,23
4294967293,22
4294967293,21
4294967293,20
4294967293,19
4294967293,18
4294967293,17
4294967293,16
4294967293,15
4294967293,14
4294967293,13
4294967293,12
4294967293,11
4294967293,10
4294967293,9
4294967293,8
4294967293,7
4294967293,6
4294967293,5
4294967293,4
4294967293,3
